          12           6
                 -0.3966921194                  0.0402889006                  0.0349145498                  0.1576197128                 -0.0250359533                 -0.0159982335
                  0.0583836098                 -0.4061417419                 -0.0110358167                  0.1629248919                  0.0520669977                  0.0274886416
                  0.0034676240                  0.0003494880                 -0.0002948610                 -0.0017041263                  0.0001340223                  0.2108637848
                  0.6178653767                  0.0256802446                  0.0352107390                  0.1872143118                 -0.0222531936                 -0.0443462208
                 -0.1154401470                 -0.1600445276                  0.0141132573                 -0.3600117288                 -0.0242239934                 -0.0213470719
                 -0.0183939485                  0.0015321867                  0.0187814865                 -0.0195549155                 -0.0187314839                 -0.1204370021
                 -0.1817276757                 -0.0680037791                  0.0127595321                 -0.3628485895                  0.0464751074                 -0.0054376307
                  0.0344581980                  0.6138265529                 -0.0088267079                  0.2227748171                  0.0465754692                  0.0140708355
                 -0.0004758549                 -0.0024450833                 -0.0037516245                  0.0367670799                  0.0359538007                  0.0264508570
                 -0.4733469798                  0.0244156063                 -0.9946178509                  0.2161747789                  0.0097684743                  0.7893850209
                  0.2711800700                 -0.5716834012                  0.0689912074                 -0.3082557616                 -0.8930216813                 -0.2425488623
                  0.1848261527                  0.0067609030                 -0.1768200116                 -0.1860964566                 -0.2082760686                 -1.4025316757
